190
365
522
1565
1570
2264
2274
2275
2413
2414
2652
3124
3126
3278
3285
3287
3334
3337
3338
3459
3486
3488
3489
3525
3527
3592
3593
3594
3596
3597
3805
3807
3827
3834
3835
3837
3838
3841
4052
4053
4054
4057
4083
4084
4085
4252
4272
4274
4275
4276
4437
4438
4447
4448
4449
5103
5167
5170
5171
5268
5269
5387
5407
5408
5409
5410
5715
5733
5781
5782
5783
5784
5862
5866
5869
5886
5899
5900
5987
6018
6134
6173
6174
6175
6176
6278
6280
6317
6375
6377
6600
6632
6633
6634
6781
6782
6810
6812
6813
6896
6898
6964
6979
6980
7043
7054
7057
7084
7087
7092
7279
7318
7382
7435
7448
7451
7452
7453
7454
7455
7468
8281
8300
8302
8489
8492
8493
8612
8613
8683
8706
8708
8709
8710
8800
8804
8828
8829
9040
9050
9052
9053
9054
9055
9276
9277
9344
9347
9348
9349
9811
9880
9925
9926
10000
10008
10009
10010
10049
10080
10170
10171
10175
10264
10271
10272
10282
10522
10552
10586
10587
10588
10589
10593
10865
10885
10886
10914
11088
11089
11171
11172
11173
11175
11255
11256
11259
11467
11475
11476
11482
11697
11698
11728
11849
12135
12138
12348
12349
12350
12429
12431
12510
12514
12529
12530
12741
12742
12744
12745
12946
12966
12968
13005
13018
13025
13026
13027
13029
13120
13121
13136
13139
13144
13185
13192
13234
13455
13460
13462
13463
13464
13465
13475
13995
14016
14067
14071
14075
14123
14145
14146
14147
14148
14208
14258
14265
14266
14267
14403
14404
14407
14436
14438
14473
14536
14651
14652
14687
14693
14694
14718
14719
14749
14750
14864
14867
14896
14967
15021
15022
15042
15052
15053
15054
15056
15264
15287
15305
15317
15319
15320
15321
15322
15324
15462
15463
15499
15500
15503
15504
15505
15510
15549
15551
15572
15576
15577
15617
15670
15729
15735
15800
15899
15900
15913
15989
15993
16030
16049
16052
16053
16054
16172
16255
16332
16333
16334
16338
16380
16394
16500
16502
16540
16542
16583
16613
16614
16661
16662
16707
16712
16713
16714
16717
16783
16867
16868
16869
16873
16915
16921
16973
16974
16976
16977
16980
17090
17157
17159
17322
17324
17325
17363
17370
17372
17375
17436
17455
17456
17457
17458
17484
17541
17608
17610
17612
17645
17646
17721
17724
17726
17727
17731
17810
17816
17817
17876
17878
18012
18013
18026
18028
18044
18046
18072
18073
18126
18133
18134
18135
18137
18174
18175
18182
18279
18304
18305
18306
18307
18344
18345
18372
18437
18438
18439
18634
18671
18813
18814
18816
18866
18869
18901
18902
18979
18980
18984
19022
19027
19028
19070
19071
19216
19294
19313
19314
19323
19340
19341
19344
19345
19347
19421
19424
19438
19441
19479
19497
19498
19499
19503
19555
19558
19560
19609
19621
19628
19629
19635
19658
19659
19714
19730
19789
19834
19850
19926
19950
20018
20060
20070
20135
20164
20187
20189
20190
20192
20216
20243
20247
20306
20393
20394
20400
20409
20418
20419
20446
20525
20549
20636
20640
20685
20693
20751
20800
20805
20822
20823
20835
20836
20849
20872
20876
20877
20878
20879
20954
20965
20984
21002
21017
21041
21048
21055
21058
21121
21122
21135
21191
21192
21201
21213
21214
21218
21237
21239
21316
21318
21334
21371
21380
21381
21382
21453
21457
21462
21474
21475
21476
21500
21547
21643
21671
21675
21712
21722
21739
21740
21741
21772
21773
21784
21827
21830
21832
21869
21870
21925
21929
21932
21953
21959
21969
21999
22005
22007
22132
22139
22141
22265
22266
22267
22285
22286
22392
22396
22397
22419
22422
22424
22479
22480
22546
22571
22572
22580
22582
22583
22766
22783
22784
22785
22806
22807
22809
22810
22813
22932
22934
22956
22958
23074
23088
23261
23304
23306
23347
23349
23493
23569
23570
23694
23697
23703
23705
23706
23707
23708
23888
23889
23901
23954
23955
23960
23963
23964
24061
24130
24133
24134
24137
24245
24246
24258
24278
24279
24280
24282
24283
24284
24285
24286
24293
24533
24535
24536
24537
24538
24556
24558
24559
24562
24836
24837
24860
24861
24989
24994
25055
25060
25061
25062
25072
25084
25087
25088
25089
25090
25099
25262
25263
25295
25296
25297
25298
25300
25318
25322
25390
25397
25407
25409
25410
25411
25482
25491
25500
25506
25570
25571
25572
25664
25665
25666
25705
25736
25740
25741
25742
25743
25744
25746
25925
25926
25977
26047
26135
26142
26202
26231
26311
26312
26391
26394
26397
26399
26451
26452
26455
26546
26547
26549
26550
26615
26616
26617
26619
26683
26718
26824
26825
26896
26996
27023
27044
27045
27157
27158
27178
27180
27282
27283
27501
27564
27569
27570
27571
27572
27573
27783
27874
27876
27912
27934
27936
27967
27970
27971
28013
28015
28016
28019
28020
28115
28116
28124
28125
28147
28204
28208
28248
28287
28288
28290
28342
28345
28346
28374
28375
28377
28426
28427
28460
28572
28585
28621
28622
28630
28637
28688
28693
28697
28713
28716
28719
28720
28721
28725
28891
28898
28975
29012
29018
29019
29020
29021
29024
29081
29131
29143
29152
29153
29207
29209
29210
29211
29212
29217
29271
29276
29277
29279
29280
29284
29386
29387
29404
29421
29435
29440
29442
29521
29522
29524
29525
29591
29592
29606
29607
29608
29654
29656
29817
29818
29819
29820
29855
29857
29902
29903
29927
29994
29995
29996
29997
30042
30068
30079
30103
30106
30151
30154
30229
30259
30308
30348
30416
30448
30508
30509
30613
30634
30704
30705
30725
30726
30749
30750
30790
30792
30823
30825
30864
30877
30880
30884
30945
30950
30957
30958
30959
30960
30964
31006
31007
31036
31066
31067
31070
31086
31152
31153
31154
31155
31162
31217
31229
31249
31251
31252
31254
31291
31292
31295
31338
31366
31367
31383
31389
31403
31405
31425
31427
31520
31523
31528
31693
31771
31773
31816
31977
31985
31987
31988
32046
32076
32083
32085
32332
32357
32421
32424
32427
32458
32514
32610
32612
32661
32667
32668
32670
32695
32729
32730
32901
32902
32926
32935
32936
32939
32943
33026
33027
33034
33036
33037
33149
33152
33153
33157
33225
33234
33370
33473
33521
33522
33708
33729
33761
33814
33822
33823
33827
33944
33945
33965
33967
33990
33991
33992
34032
34040
34064
34065
34066
34279
34373
34486
34618
34619
34698
34821
34829
34832
34967
34969
34970
35068
35069
35117
35367
35368
35506
35507
35600
35603
35647
35648
35699
35705
35760
35766
35800
35828
35829
35919
35923
35926
35927
35928
36023
36033
36035
36158
36160
36162
36221
36222
36278
36280
36744
36773
36780
36782
36783
36784
36790
36919
36920
36949
36953
36954
36956
37030
37031
37068
37069
37071
37072
37184
37185
37188
37240
37247
37248
37283
37286
37421
37437
37438
37612
37729
37730
37732
37795
37800
37837
37838
37839
37841
37912
37913
37933
37939
37941
37950
38133
38134
38135
38258
38280
38393
38394
38395
38453
38454
38455
38474
38475
38476
38477
38478
38487
38709
38710
38725
38745
38950
38995
38996
38997
38998
39003
39112
39124
39140
39189
39209
39217
39218
39219
39220
39387
39388
39389
39413
39614
39615
39644
39647
39648
39721
39742
39745
39921
39950
39968
39977
39978
39980
39981
39982
40095
40111
40112
40113
40140
40142
40221
40233
40234
40235
40258
40294
40325
40326
40484
40487
40488
40566
40634
40653
40654
40933
40962
40964
41026
41115
41169
41170
41281
41364
41385
41388
41598
41656
41735
41742
41876
41893
41943
41968
42004
42007
42008
42086
42087
42112
42256
42273
42306
42307
42310
42445
42460
42483
42585
42615
42617
42619
42620
42776
42795
42796
42847
42853
42854
42855
42858
42947
43140
43267
43268
43336
43409
43410
43412
43413
43479
43500
43501
43502
43556
43609
43613
43616
43658
43659
43666
43686
43764
43768
43769
43770
43888
43892
43893
43917
43988
43991
43994
43995
43996
43997
44000
44054
44059
44061
44062
44135
44136
44137
44188
44213
44371
44383
44385
44389
44444
44453
44484
44530
44546
44547
44605
44692
44697
44700
44826
44827
44844
44845
44915
44955
45053
45080
45119
45120
45139
45141
45253
45255
45256
45289
45361
45409
45561
45563
45605
45606
45610
45642
45644
45655
45712
45716
45865
45866
45878
45910
45913
45967
45978
45981
46029
46063
46116
46118
46121
46209
46252
46274
46283
46284
46313
46338
46339
46342
46343
46349
46467
46468
46469
46470
46494
46532
46553
46583
46589
46590
46597
46748
46825
46829
46883
46887
46962
47026
47029
47063
47064
47068
47069
47110
47113
47114
47179
47183
47259
47335
47343
47344
47408
47409
47431
47432
47433
47443
47444
47465
47468
47499
47502
47503
47504
47506
47533
47560
47562
47564
47610
47622
47626
47628
47629
47668
47669
47680
47683
47684
47746
47881
47892
47937
47940
47946
48031
48032
48044
48119
48121
48124
48183
48194
48195
48268
48317
48318
48437
48438
48439
48514
48561
48562
48727
48728
48730
48731
48736
48781
48891
48906
48907
48926
48975
48977
48985
49026
49051
49055
49056
49132
49134
49179
49183
49184
49237
49240
49241
49243
49316
49357
49359
49361
49362
49363
49365
49397
49434
49465
49520
49527
49531
49534
49554
49691
49727
49741
49745
49760
49761
49800
49801
49814
49816
49829
49877
49918
49946
49947
49948
49951
49965
49966
50068
50072
50129
50130
50131
50153
50213
50216
50217
50263
50347
50348
50349
50351
50391
50393
50394
50405
50423
50424
50427
50469
50482
50484
50512
50513
50517
50549
50591
50609
50620
50653
50655
50656
50659
50695
50696
50702
50728
50729
50766
50767
50768
50803
50804
50805
50814
50837
50842
50864
50877
50879
50895
50896
50918
50921
50922
50924
50925
51033
51058
51168
51169
51174
51175
51176
51214
51219
51221
51222
51244
51341
51345
51441
51494
51502
51553
51680
51681
51684
51782
51783
51846
51847
51894
51896
51898
51899
51994
52012
52103
52111
52132
52134
52135
52138
52205
52230
52233
52234
52387
52416
52418
52419
52422
52510
52519
52584
52590
52593
52594
52599
53020
53089
53097
53100
53101
53102
53377
53378
53420
53426
53428
53489
53499
53516
53517
53718
53728
53797
53894
53897
54018
54044
54046
54047
54213
54214
54247
54273
54274
54317
54318
54366
54372
54373
54374
54379
54450
54460
54461
54479
54516
54522
54586
54608
54610
54750
54764
54907
54947
54948
54974
54995
54996
55075
55079
55082
55372
55379
55521
55701
55702
55704
55808
55833
55834
55835
55858
55877
56083
56113
56115
56150
56195
56293
56484
56606
56609
56610
56611
56612
56614
56720
56765
56785
56826
56827
56853
56894
56936
56960
56962
56986
57110
57111
57132
57160
57302
57335
57336
57339
57375
57377
57420
57431
57506
57620
57840
57842
57919
57920
57939
57971
58106
58120
58121
58235
58290
58291
58304
58332
58350
58363
58365
58413
58512
58513
58516
58521
58899
58900
58925
58927
58928
58952
58953
58957
59031
59039
59084
59160
59184
59187
59244
59266
59353
59359
59361
59365
59366
59459
59464
59465
59468
59469
59562
59569
59570
59591
59594
59758
59763
59810
59816
59817
59876
59877
60009
60010
60021
60023
60024
60061
60062
60063
60118
60120
60122
60211
60213
60258
60488
60548
60552
60569
60574
60644
60645
60648
60771
60772
60776
60915
60936
60938
60939
61026
61137
61221
61222
61224
61225
61228
61356
61357
61372
61384
61385
61387
61512
61527
61544
61546
61567
61569
61700
61766
61767
61894
61904
61918
61921
61922
62041
62043
62085
62100
62101
62115
62117
62248
62249
62250
62300
62437
62444
62572
62595
62658
62683
62762
62783
62866
62867
62868
62870
62988
63001
63002
63003
63027
63051
63052
63053
63091
63092
63093
63132
63134
63191
63224
63227
63249
63250
63251
63275
63326
63475
63476
63521
63524
63533
63534
63535
63673
63675
63676
63677
63713
63714
63735
63736
63753
63860
63887
63891
63898
63904
63909
63919
63922
63923
63940
63942
63965
63977
64030
64031
64042
64043
64053
64058
64059
64120
64121
64122
64124
64157
64176
64178
64180
64254
64255
64265
64266
64299
64311
64341
64343
64344
64348
64416
64417
64419
64421
64429
64431
64484
64485
64498
64499
64557
64562
64566
64568
64575
64612
64621
64623
64706
64709
64726
64753
64760
64861
64887
64889
64936
64957
64958
64959
65090
65128
65129
65140
65142
65221
65223
65224
65226
65308
65309
65317
65330
65333
65340
65416
65432
65448
65450
65451
65452
65533
65534
65548
65582
65602
65661
65693
65699
65700
65707
65708
65747
65751
65767
65773
65776
65896
65909
65947
65948
65949
66046
66097
66099
66250
66261
66262
66263
66266
66405
66412
66413
66414
66560
66565
66566
66567
66793
66797
66814
66859
66862
66901
66919
66988
67148
67168
67170
67172
67175
67215
67353
67367
67368
67395
67396
67397
67400
67482
67483
67574
67715
67737
67739
67816
67852
67875
67882
67957
67981
67985
68026
68027
68241
68253
68254
68442
68443
68444
68447
68448
68582
68583
68624
68647
68648
68668
68671
68687
68689
68799
68817
68832
68867
68905
68924
68962
68967
68971
68997
69017
69026
69045
69046
69091
69111
69112
69115
69148
69194
69196
69217
69240
69241
69246
69253
69312
69319
69358
69370
69461
69462
69466
69469
69470
69494
69500
69573
69583
69584
69585
69588
69615
69617
69624
69652
69654
69656
69723
69732
69733
69748
69757
69758
69871
69889
69942
69943
69964
69983
69985
70035
70036
70037
70039
70143
70144
70149
70150
70171
70173
70178
70330
70331
70335
70356
70357
70393
70394
70486
70531
70557
70617
70618
70623
70786
70787
70799
70811
70812
70817
70818
70819
70820
70821
70825
70913
71037
71046
71047
71117
71118
71152
71153
71186
71193
71241
71275
71277
71482
71484
71567
71593
71596
71597
71681
71789
71844
71845
71847
71848
71851
71965
71966
71982
71988
72023
72056
72058
72159
72160
72174
72207
72251
72256
72258
72259
72304
72312
72323
72334
72336
72341
72383
72395
72396
72414
72426
72428
72498
72511
72529
72591
72592
72743
72744
72751
72843
72862
72878
72888
72890
72891
72892
72893
73213
73241
73242
73243
73244
73245
73276
73277
73278
73346
73361
73362
73364
73416
73437
73438
73477
73479
73485
73528
73565
73566
73567
73625
73626
73628
73678
73696
73697
73698
73701
73745
73749
73833
73834
73836
73956
74133
74134
74147
74148
74149
74157
74208
74244
74246
74247
74306
74325
74338
74362
74363
74364
74406
74407
74409
74410
74413
74453
74456
74507
74508
74586
74591
74607
74609
74674
74675
74676
74682
74753
74754
74828
74829
74830
74835
74872
74880
74893
74894
74897
74913
74982
75026
75042
75095
75097
75107
75119
75137
75146
75147
75148
75211
75226
75227
75257
75282
75302
75304
75305
75306
75375
75488
75492
75493
75494
75495
75497
75546
75558
75622
75631
75771
75773
75804
75805
75806
75852
75906
75907
75908
75916
75932
75943
75944
76052
76054
76055
76056
76099
76112
76311
76312
76336
76337
76338
76341
76344
76397
76398
76399
76420
76422
76424
76425
76431
76636
76637
76639
76640
76688
76767
76772
76773
76869
76871
76872
76893
76894
76926
76927
76958
77030
77045
77066
77069
77071
77075
77105
77117
77124
77125
77126
77133
77187
77203
77215
77256
77282
77362
77377
77378
77490
77772
77779
78176
78179
78568
78624
78626
78629
78666
78672
78733
78742
78743
78777
78798
78840
78856
78901
78902
78903
78952
78976
79016
79017
79018
79117
79118
79119
79120
79124
79182
79205
79265
79272
79281
79283
79330
79368
79369
79403
79410
79450
79478
79479
79480
79481
79482
79485
79535
79557
79560
79561
79562
79569
79661
79662
79672
79673
79695
79697
79698
79741
79746
79779
79780
79782
79877
79880
79881
79882
79887
80001
80012
80029
80030
80033
80054
80056
80057
80058
80124
80126
80128
80129
80294
80330
80333
80334
80336
80340
80408
80409
80413
80415
80438
80449
80450
80453
80454
80568
80637
80652
80653
80656
80729
80733
80734
80737
80738
80745
80851
80852
80853
80864
80865
80867
80868
80916
80917
80919
80920
80921
80966
80969
80970
80973
80974
81084
81088
81089
81098
81099
81100
81153
81154
81155
81158
81207
81210
81416
81420
81441
81446
81447
81448
81450
81573
81578
81621
81674
81699
81765
81767
81880
81881
81889
81890
81892
81909
81910
81911
81914
81974
81975
81980
82015
82030
82033
82035
82191
82192
82193
82194
82250
82259
82301
82332
82333
82370
82442
82550
82555
82556
82559
82564
82721
82753
82806
82807
82808
82809
82810
82847
82857
82859
82874
82906
82990
83049
83053
83083
83084
83118
83165
83168
83185
83186
83189
83224
83227
83245
83379
83380
83486
83489
83570
83595
83613
83619
83649
83656
83659
83660
83679
83683
83685
83686
83687
83690
83748
83749
83756
83778
83779
83783
83787
83849
83894
83896
83899
83918
83922
83951
84009
84124
84150
84152
84169
84170
84189
84210
84238
84287
84347
84348
84350
84373
84376
84377
84397
84402
84403
84405
84458
84464
84496
84552
84616
84617
84618
84620
84683
84684
84704
84749
84796
84842
84906
84907
84956
84957
84974
84988
84989
84998
85065
85090
85093
85095
85100
85198
85253
85256
85309
85324
85325
85334
85357
85359
85408
85445
85540
85569
85571
85574
85637
85644
85685
85686
85687
85729
85738
85780
85787
85789
85819
85822
85875
85923
85952
85984
85993
85997
85998
86001
86021
86052
86067
86120
86124
86186
86188
86311
86312
86349
86357
86359
86405
86406
86408
86409
86442
86443
86478
86514
86525
86581
86582
86585
86651
86698
86699
86718
86720
86774
86775
86826
86827
86828
86890
86931
86949
86950
86971
87010
87036
87037
87038
87091
87108
87202
87207
87208
87213
87255
87259
87260
87263
87284
87289
87290
87294
87327
87329
87395
87534
87555
87831
87848
87849
87850
87911
87915
87984
87990
88000
88004
88005
88008
88009
88010
88011
88016
88194
88211
88213
88228
88234
88235
88236
88237
88238
88243
88440
88441
88454
88456
88457
88477
88478
88480
88514
88584
88585
88737
88740
88765
88767
88820
88907
88925
88945
88947
88973
88974
88994
89035
89046
89047
89090
89091
89132
89135
89137
89187
89188
89213
89215
89271
89278
89281
89287
89290
89292
89337
89338
89345
89348
89434
89436
89439
89481
89485
89508
89509
89510
89511
89512
89785
89812
89900
89902
89903
89904
89908
89975
89978
90000
90007
90173
90174
90176
90179
90324
90326
90327
90330
90354
90361
90399
90400
90403
90451
90458
90459
90460
90461
90580
90587
90606
90641
90642
90643
90644
90673
90697
90698
90746
90749
90851
90852
90895
90932
90935
90997
91046
91090
91092
91166
91232
91297
91298
91327
91434
91435
91458
91477
91484
91672
91673
91676
91730
91731
91733
91734
91736
91770
91771
91773
91774
91802
91855
91858
91931
91932
91933
91938
91994
92113
92149
92150
92151
92152
92153
92177
92184
92198
92237
92398
92399
92500
92514
92524
92525
92526
92585
92631
92645
92711
92761
92789
92851
92922
92988
92989
92991
93024
93027
93041
93042
93043
93075
93079
93125
93218
93305
93422
93424
93425
93450
93471
93473
93479
93533
93567
93568
93598
93629
93644
93679
93734
93761
93779
93787
93854
93894
93902
93927
93928
93971
93997
94025
94039
94048
94049
94060
94080
94126
94140
94259
94277
94279
94280
94281
94295
94297
94298
94307
94352
94372
94380
94402
94463
94504
94541
94546
94560
94589
94609
94611
94612
94613
94660
94662
94663
94673
94690
94723
94730
94750
94821
94833
94836
94837
94859
94860
94990
94991
94992
94994
95042
95045
95068
95073
95134
95139
95159
95160
95162
95218
95223
95227
95254
95439
95440
95512
95513
95527
95578
95583
95586
95587
95588
95592
95692
95716
95717
95719
95733
95765
95772
95787
95793
95795
95856
95863
95866
95867
95905
95906
96041
96063
96113
96144
96155
96160
96161
96237
96375
96416
96422
96428
96429
96641
96657
96660
96661
96662
96667
96722
96728
96729
96730
96753
96788
96795
96820
96931
96932
96997
97020
97055
97068
97072
97110
97111
97112
97113
97114
97194
97195
97239
97241
97283
97292
97293
97294
97295
97296
97297
97299
97307
97546
97547
97566
97568
97593
97594
97638
97712
97820
97821
97834
97937
98005
98036
98037
98092
98101
98102
98103
98107
98157
98173
98175
98176
98177
98180
98293
98302
98304
98309
98325
98326
98327
98328
98385
98386
98387
98388
98553
98554
98574
98582
98590
98591
98593
98594
98999
99000
99001
99021
99023
99024
99025
99044
99047
99048
99051
99091
99191
99249
99251
99276
99410
99411
99439
99441
99476
99501
99503
99561
99562
99567
99568
99631
99649
99732
99733
99735
99918
99919
99938
99941
99942
99944
99945
99946
100123
100136
100155
100164
100165
100168
100169
100170
100174
100493
100495
100496
100497
100576
100610
100612
100613
100698
100773
100775
100888
100903
101067
101068
101069
101072
101103
101108
101110
101150
101157
101158
101196
101206
101342
101405
101424
101425
101426
101429
101662
101686
101687
101758
101759
101894
101897
101898
101899
101967
102008
102103
102122
102123
102124
102153
102217
102218
102220
102259
102288
102290
102291
102501
102523
102525
102526
102527
102559
102645
102649
102650
102651
102652
102733
102734
102754
102756
102758
102759
102760
102775
102785
102786
102793
102796
102797
102799
102808
102895
102906
102911
102913
103024
103025
103066
103101
103104
103142
103161
103162
103163
103164
103200
103201
103255
103256
103259
103283
103303
103336
103338
103362
103376
103412
103415
103418
103461
103474
103475
103499
103586
103589
103590
103591
103640
103716
103718
103719
103724
103733
103734
103746
103748
103749
103785
103786
103787
103789
103851
103895
103896
103954
103955
103974
104020
104086
104097
104098
104148
104215
104216
104218
104238
104255
104259
104260
104286
104290
104304
104307
104322
104323
104324
104611
104612
104638
104640
104641
104642
104663
104712
104718
104766
104769
104771
104772
104774
104850
104856
104886
104909
104920
104921
104922
104923
104924
105052
105070
105071
105195
105197
105252
105258
105260
105275
105276
105346
105351
105352
105354
105363
105364
105382
105424
105449
105452
105453
105454
105457
105535
105561
105563
105903
105932
105938
105941
105942
105943
105970
105971
105972
105973
105981
106183
106184
106185
106186
106189
106206
106255
106274
106277
106279
106281
106346
106347
106355
106357
106358
106420
106421
106422
106424
106618
106619
106623
106645
106648
106652
106701
106720
106722
106765
106774
106793
106794
106797
106859
106868
106870
106871
106888
106889
106891
106892
106945
107010
107011
107108
107112
107113
107131
107132
107133
107134
107334
107335
107353
107354
107406
107480
107491
107506
107557
107562
107563
107564
107733
107734
107823
107860
107865
107867
107868
107869
107969
107970
108012
108081
108113
108115
108154
108155
108157
108158
108173
108223
108224
108270
108336
108364
108366
108392
108407
108408
108410
108414
108565
108568
108570
108581
108582
108601
108603
108628
108630
108657
108658
108674
108736
108771
108786
108854
108863
108864
108926
108995
108997
108998
109042
109046
109047
109054
109115
109123
109126
109134
109184
109186
109247
109269
109270
109272
109303
109346
109426
109476
109602
109674
109676
109703
109704
109720
109723
110038
110051
110052
110053
110117
110118
110376
110396
110433
110456
110465
110495
110496
110502
110520
110629
110674
110720
110750
110772
110775
110806
110810
110811
110878
110892
110894
110929
110933
111008
111014
111018
111019
111020
111021
111053
111054
111063
111064
111094
111096
111135
111155
111209
111212
111214
111227
111230
111237
111259
111287
111324
111325
111390
111436
111437
111438
111439
111469
111470
111502
111512
111534
111622
111623
111647
111679
111752
111754
111809
111810
111910
111911
111912
111938
111942
111949
111993
112060
112123
112185
112187
112188
112192
112333
112397
112402
112429
112430
112434
112436
112437
112465
112473
112474
112475
112477
112515
112519
112521
112523
112569
112582
112584
112599
112600
112620
112621
112646
112726
112753
112781
112812
112827
112832
112864
112870
112881
112901
112928
112943
113068
113071
113131
113154
113158
113159
113161
113162
113297
113306
113324
113364
113389
113488
113490
113493
113524
113531
113532
113604
113637
113645
113678
113759
113799
113801
113803
113804
113805
113824
113844
113845
113867
113873
113888
113889
113918
114004
114010
114016
114025
114043
114050
114060
114107
114139
114186
114194
114195
114196
114197
114198
114257
114258
114264
114267
114306
114308
114309
114312
114344
114351
114435
114519
114581
114609
114683
114781
114787
114836
114842
114848
114876
114890
114919
114946
114949
114960
114961
114977
114979
114998
115079
115080
115084
115085
115102
115103
115105
115106
115262
115263
115281
115302
115303
115306
115307
115476
115477
115493
115495
115496
115509
115512
115590
115592
115601
115604
115606
115607
115608
115609
115614
115731
115749
115751
115752
115769
115772
115843
115849
115850
115898
115899
116002
116017
116020
116021
116022
116028
116030
116031
116037
116147
116150
116151
116152
116153
116158
116160
116161
116162
116164
116194
116195
116203
116204
116207
116208
116209
116210
116215
116216
116290
116291
116304
116306
116307
116350
116351
116352
116353
116484
116492
116501
116502
116506
116508
116518
116519
116525
116543
116570
116576
116602
116617
116620
116621
116623
116668
116702
116732
116764
116781
116833
116871
116873
116876
116942
117000
117001
117002
117089
117090
117092
117095
117127
117128
117133
117135
117139
117164
117178
117179
117181
117184
117215
117216
117252
117483
117486
117674
117681
117689
117753
117756
117757
117781
117782
117785
117786
117862
117885
118008
118012
118013
118115
118159
118163
118166
118230
118334
118340
118341
118342
118542
118549
118550
118551
118552
118555
118783
118784
118991
118992
118993
118994
119062
119074
119088
119098
119114
119117
119118
119119
119120
119252
119253
119266
119268
119270
119294
119301
119307
119308
119509
119528
119533
119557
119610
119613
119616
119617
119618
119619
119622
119730
119731
119737
119738
119868
119869
119918
119920
119921
119967
119989
119990
120050
120051
120057
120060
120088
120089
120128
120134
120135
120181
120239
120307
120329
120394
120479
120485
120510
120562
120597
120604
120630
120633
120697
120770
120771
120794
120796
120798
120846
120877
120880
120912
120913
120958
121015
121019
121068
121102
121116
121122
121124
121129
121216
121227
121228
121230
121306
121379
121380
121478
121487
121498
121524
121537
121613
121614
121643
121648
121686
121687
121689
121737
121745
121746
121763
121791
121818
121837
121974
122011
122012
122052
122054
122092
122133
122154
122155
122157
122225
122368
122379
122433
122497
122499
122502
122569
122573
122576
122609
122623
122655
122680
122681
122682
122707
122712
122731
122748
122763
122806
122954
122968
122969
122972
122974
122975
122978
123053
123054
123075
123076
123234
123261
123309
123354
123377
123385
123388
123437
123442
123462
123464
123497
123507
123508
123511
123512
123515
123569
123578
123581
123684
123687
123701
123703
123723
123724
123760
123761
123778
123835
123943
123950
123951
124051
124094
124107
124140
124143
124194
124196
124207
124210
124272
124305
124310
124314
124360
124372
124373
124410
124412
124440
124443
124467
124493
124512
124520
124521
124530
124557
124577
124583
124648
124651
124652
124653
124660
124738
124744
124745
124804
124809
124814
124838
124860
124869
124881
124884
124885
124886
124889
124957
124980
125003
125007
125008
125042
125075
125080
125081
125083
125084
125085
125090
125163
125182
125183
125185
125186
125189
125213
125214
125265
125285
125348
125401
125435
125436
125472
125491
125570
125627
125632
125647
125648
125674
125676
125708
125799
125807
125959
125981
125997
126019
126050
126051
126130
126131
126134
126174
126228
126238
126240
126305
126339
126383
126412
126414
126446
126458
126462
126498
126540
126611
126625
126626
126629
126633
126634
126635
126670
126671
126706
126769
126885
126937
126939
126940
126941
126945
126968
126969
127009
127030
127060
127083
127098
127155
127170
127175
127195
127196
127197
127251
127268
127271
127272
127348
127470
127490
127492
127507
127508
127525
127544
127570
127575
127583
127584
127585
127586
127591
127643
127645
127734
127749
127750
127780
127805
127821
127824
127859
127862
127873
127874
127908
127948
127951
127952
128019
128055
128056
128099
128100
128117
128138
128168
128213
128220
128223
128226
128260
128267
128269
128292
128312
128313
128322
128323
128331
128351
128352
128371
128386
128403
128407
128453
128455
128497
128502
128550
128557
128662
128699
128711
128712
128724
128774
128775
128776
128777
128779
128843
128988
129039
129091
129129
129222
129286
129302
129336
129344
129346
129352
129781
129807
129811
129812
129834
129835
129837
129890
129891
129892
129998
130099
130102
130104
130109
130169
130170
130179
130192
130193
130228
130261
130286
130291
130292
130293
130294
130295
130304
130537
130563
130565
130568
130598
130642
130692
130693
130694
130695
130696
130697
130698
130781
130832
130835
130855
130901
130934
131039
131081
131085
131089
131110
131197
131355
131357
131382
131443
131445
131446
131472
131519
131522
131523
131526
131555
131563
131564
131677
131721
131725
131726
131728
131731
131751
131756
131757
131806
131808
131811
131839
131905
131910
132185
132186
132188
132253
132261
132264
132269
132697
132698
132723
132724
132725
132741
132744
132747
132798
132801
132822
132829
133040
133117
133118
133176
133178
133188
133190
133227
133264
133283
133284
133300
133311
133312
133332
133337
133355
133356
133362
133444
133445
133446
133557
133602
133758
133760
133762
133763
133764
133813
133842
133845
133847
133851
133934
133951
133976
133998
134000
134002
134039
134096
134208
134223
134236
134358
134359
134385
134458
134565
134609
134637
134639
134641
134680
134799
134877
134932
134933
134944
134945
134946
134969
135044
135146
135148
135153
135206
135207
135211
135213
135239
135271
135272
135273
135274
135296
135310
135354
135369
135370
135374
135378
135426
135427
135428
135437
135440
135468
135470
135473
135502
135509
135511
135515
135530
135535
135539
135571
135587
135589
135590
135683
135690
135691
135694
135695
135698
135787
135846
135847
135896
135920
135923
136026
136027
136033
136034
136040
136061
136063
136064
136069
136379
136380
136401
136414
136540
136586
136657
136660
136665
136693
136698
136739
136740
136742
136773
136774
136810
136811
136869
136903
136921
136922
136944
136946
136975
137023
137026
137096
137097
137098
137311
137335
137340
137358
137364
137365
137367
137408
137409
137452
137554
137556
137591
137594
137614
137634
137636
137641
137695
137706
137741
137762
137781
137794
137832
137944
137948
137964
137984
137985
137988
138041
138058
138059
138064
138107
138108
138124
138131
138135
138136
138138
138155
138158
138170
138176
138198
138370
138502
138536
138538
138539
138540
138543
138603
138605
138606
138625
138629
138729
138730
138747
138749
138773
138777
138779
139060
139062
139063
139064
139071
139073
139105
139110
139145
139167
139188
139194
139195
139196
139197
139201
139354
139355
139367
139369
139388
139389
139390
139391
139454
139558
139559
139560
139563
139685
139689
139690
139711
139712
139714
139715
139809
139810
139811
139830
139975
139984
139988
139989
140137
140153
140156
140157
140219
140224
140243
140313
140452
140467
140469
140470
140474
140524
140531
140559
140590
140591
140622
140626
140679
140764
140785
140786
140797
140876
140878
141105
141106
141161
141163
141164
141167
141274
141298
141299
141300
141304
141383
141384
141450
141474
141475
141494
141532
141588
141775
141776
141780
141840
141841
141846
141847
141981
141985
142009
142103
142106
142463
142708
142734
142857
142864
142982
143207
143209
143210
143214
143266
143278
143279
143280
143285
143289
143290
143291
143300
143380
143381
143412
143413
143414
143419
143604
143613
143614
143616
143617
143637
143641
143644
143648
143766
143792
143829
143852
143873
143877
143878
143881
143995
144015
144029
144037
144038
144039
144040
144150
144151
144163
144166
144186
144187
144220
144221
144223
144281
144310
144557
144562
144629
144630
144632
144676
144677
144679
144682
144765
144772
144845
144846
144847
144848
144854
144926
144928
144930
144931
144932
144933
144935
144991
145002
145003
145049
145052
145081
145127
145128
145140
145143
145145
145146
145150
145240
145249
145250
145251
145260
145261
145311
145314
145315
145316
145353
145354
145357
145370
145400
145402
145486
145531
145534
145615
145616
145618
145630
145678
145679
145680
145686
145760
145771
145773
145792
145793
145794
145795
145801
145914
145915
145916
145941
145943
146009
146010
146014
146045
146066
146157
146159
146160
146161
146344
146524
146527
146582
146591
146616
146621
146626
146686
146693
146712
146717
146738
146913
146914
146932
146985
146991
147084
147090
147199
147212
147254
147299
147300
147304
147339
147390
147446
147456
147457
147458
147520
147663
147666
147667
147674
147716
147717
147869
147875
147903
147929
148002
148151
148187
148189
148190
148191
148192
148193
148197
148277
148278
148294
148295
148297
148298
148318
148320
148340
148366
148368
148404
148406
148418
148420
148436
148437
148439
148455
148476
148477
148593
148594
148613
148618
148620
148663
148664
148701
148745
148794
148795
148830
148839
148864
148949
148950
148951
148953
148957
148982
148990
148993
149039
149040
149041
149063
149121
149124
149130
149234
149237
149249
149296
149299
149300
149330
149354
149395
149426
149436
149478
149518
149582
149590
149655
149666
149703
149760
149764
149767
149853
149862
149863
149904
149911
149915
149916
149962
149977
150039
150040
150041
150053
150063
150064
150087
150093
150094
150095
150143
150164
150210
150211
150233
150261
150262
150279
150342
150344
150433
150434
150448
150528
150549
150550
150551
150584
150626
150631
150673
150679
150763
150766
150767
150768
150789
150796
150798
150837
150896
150899
150927
150936
150962
150976
150978
150979
150982
151001
151003
151004
151021
151022
151025
151102
151103
151104
151140
151215
151241
151248
151286
151301
151310
151321
151373
151375
151381
151435
151521
151522
151566
151570
151691
151698
151699
151828
151884
151886
151891
151958
151966
151982
151983
152108
152110
152120
152272
152275
152277
152350
152389
152430
152499
152501
152502
152503
152508
152553
152591
152611
152633
152743
152745
152769
152777
152818
152886
152931
152932
152953
152954
152956
152998
153006
153007
153028
153032
153061
153065
153129
153160
153162
153185
153187
153188
153189
153194
153244
153264
153297
153309
153310
153389
153393
153394
153433
153438
153445
153458
153504
153510
153512
153524
153525
153529
153533
153535
153576
153696
153751
153754
153756
153757
153828
153937
153940
153941
154000
154032
154079
154205
154231
154232
154234
154235
154288
154303
154304
154316
154325
154343
154344
154377
154392
154397
154398
154406
154407
154424
154425
154427
154428
154429
154430
154436
154590
154591
154602
154603
154655
154656
154685
154686
154688
154737
154738
154752
154864
154994
155031
155032
155033
155034
155038
155060
155089
155090
155091
155093
155151
155153
155203
155288
155290
155425
155448
155510
155535
155559
155658
155843
155845
155847
155872
155906
155962
155976
155977
156037
156055
156143
156161
156163
156164
156186
156187
156189
156190
156286
156298
156368
156390
156545
156617
156663
156688
156784
156839
156851
156852
156888
156933
156960
157029
157031
157035
157097
157098
157099
157103
157121
157159
157280
157382
157396
157431
157433
157437
157439
157464
157470
157524
157525
157611
157613
157686
157708
157710
157745
157780
157781
157861
157862
157863
157887
157911
158009
158016
158017
158018
158043
158103
158104
158107
158108
158114
158163
158164
158180
158182
158183
158194
158201
158273
158294
158297
158312
158313
158330
158331
158358
158360
158361
158439
158440
158457
158503
158525
158571
158607
158615
158622
158623
158626
158631
158653
158680
158681
158715
158760
158766
158790
158792
158794
158813
158815
158816
158821
158840
158844
158878
158912
158916
158925
158966
158975
158982
159005
159033
159034
159094
159096
159225
159229
159316
159334
159371
159406
159425
159460
159464
159466
159515
159516
159528
159529
159538
159595
159620
159660
159664
159684
159720
159740
159751
159756
159798
159820
159825
159893
159895
159896
159904
159912
159916
159980
159993
159995
160047
160111
160148
160154
160231
160249
160250
160251
160388
160394
160458
160479
160487
160488
160502
160515
160527
160560
160561
160622
160657
160674
160711
160712
160718
160721
160722
160751
160782
160801
160835
160850
160860
160863
160922
160951
161100
161106
161107
161109
161114
161161
161162
161174
161176
161215
161308
161318
161319
161326
161327
161329
161345
161350
161354
161373
161374
161436
161439
161459
161490
161517
161525
161527
161629
161639
161663
161665
161683
161691
161704
161706
161732
161756
161774
161775
161787
161794
161816
161828
161852
161875
161892
161905
161915
161957
162289
162291
162421
162423
162426
162464
162624
162626
162685
162701
162768
162846
162870
162871
162904
162925
162929
162931
162932
162960
162964
162970
162992
163001
163003
163005
163089
163111
163166
163167
163170
163182
163186
163196
163261
163273
163274
163300
163379
163453
163460
163462
163532
163539
163549
163552
163553
163600
163603
163605
163606
163735
163736
163755
163756
163757
163758
163809
163810
163811
163867
163868
163897
163975
163978
164041
164042
164091
164122
164123
164183
164185
164190
164255
164259
164274
164275
164279
164312
164316
164327
164328
164369
164416
164417
164458
164461
164531
164580
164581
164587
164612
164614
164661
164663
164685
164686
164693
164694
164711
164712
164742
164838
164869
164881
164889
164895
165009
165011
165012
165020
165296
165315
165318
165319
165321
165322
165330
165705
165720
165721
165722
165738
165790
165794
165795
165797
165798
165800
166190
166191
166192
166208
166210
166211
166213
166365
166419
166420
166421
166422
166510
166563
166583
166655
166688
166711
166714
166726
166729
166743
166774
166794
166795
166934
166935
166950
166952
167002
167005
167056
167057
167075
167076
167077
167080
167083
167137
167138
167151
167152
167171
167172
167182
167187
167193
167241
167256
167264
167307
167308
167344
167355
167358
167406
167407
167411
167442
167512
167513
167559
167563
167593
167597
167606
167678
167766
167948
167996
168019
168139
168140
168166
168198
168203
168204
168205
168427
168428
168456
168457
168472
168502
168539
168563
168613
168652
168653
168704
168749
168755
168756
168758
168759
168760
168761
168931
168932
168947
168950
168951
168998
168999
169112
169127
169130
169132
169137
169177
169190
169198
169221
169273
169275
169330
169485
169512
169663
169760
169793
169794
169817
169820
169952
169972
169973
170015
170020
170021
170022
170026
170212
170226
170280
170293
170297
170349
170356
170358
170361
170365
170424
170460
170465
170466
170468
170469
170708
170726
170744
170796
170798
170799
171010
171027
171028
171030
171051
171052
171055
171106
171114
171132
171169
171180
171181
171182
171265
171267
171380
171434
171435
171436
171607
171608
171618
171619
171703
171722
171727
171728
171735
171780
171781
171795
171796
171797
171802
171804
171805
171864
171865
171874
171875
171876
171963
171966
172046
172047
172054
172067
172069
172103
172117
172150
172151
172181
172195
172242
172243
172244
172472
172610
172616
172617
172618
172619
172623
172701
172712
172718
172732
172748
172749
172750
172751
172755
172808
172868
172869
173145
173148
173168
173169
173170
173181
173201
173579
173596
173621
173712
173715
173723
173836
173838
173861
174067
174087
174132
174166
174167
174172
174216
174246
174348
174390
174391
174394
174410
174442
174443
174472
174473
174620
174683
174689
174781
174782
174792
174849
174886
174917
174957
175066
175140
175141
175147
175157
175165
175193
175196
175284
175286
175342
175350
175394
175395
175560
175666
175667
175680
175682
175683
175748
175895
175955
175979
175981
175982
176016
176040
176043
176046
176115
176116
176128
176129
176130
176131
176132
176133
176135
176161
176182
176186
176192
176210
176420
176421
176422
176673
176740
176780
176784
176785
176825
176860
176861
176868
176870
176908
177101
177122
177174
177207
177263
177285
177308
177312
177460
177461
177462
177479
177486
177520
177533
177653
177657
177703
177704
177759
177778
178035
178054
178163
178205
178234
178235
178236
178249
178256
178280
178308
178390
178444
178446
178479
178527
178534
178536
178578
178584
178585
178615
178647
178648
178655
178656
178672
178743
178782
178874
178912
178918
178937
179045
179079
179104
179164
179182
179201
179253
179256
179264
179301
179307
179340
179466
179528
179582
179668
179669
179728
179770
179857
179864
179865
179928
179939
179940
179946
179972
179974
180021
180027
180033
180034
180035
180041
180073
180083
180143
180145
180182
180197
180198
180199
180282
180305
180378
180443
180473
180533
180567
180568
180586
180594
180595
180644
180672
180727
180728
180888
180949
181016
181017
181061
181132
181165
181167
181168
181210
181247
181295
181326
181348
181380
181381
181382
181411
181489
181494
181495
181496
181497
181498
181622
181626
181630
181832
181833
181860
181862
181863
181864
181866
181879
181908
181920
181960
181974
182032
182099
182105
182126
182129
182133
182134
182135
182196
182199
182239
182240
182255
182257
182258
182280
182389
182390
182413
182415
182416
182418
182466
182478
182480
182481
182511
182555
182557
182559
182662
182737
182748
182750
182762
182784
182849
182872
182873
182914
182915
182918
182965
182996
183044
183047
183127
183149
183168
183278
183305
183377
183379
183382
183403
183404
183415
183416
183417
183439
183482
183489
183502
183511
183571
183637
183638
183761
183766
183839
183859
183907
183951
183953
183954
183986
183990
183991
183992
184161
184162
184182
184184
184199
184200
184274
184275
184281
184331
184332
184334
184335
184380
184382
184389
184400
184401
184402
184599
184600
184615
184627
184632
184646
184647
184652
184653
184672
184675
184678
184679
184759
184771
184772
184774
184775
184778
184826
184836
184842
184902
184903
184915
184938
184941
184942
184943
184945
185000
185006
185008
185009
185010
185059
185181
185184
185185
185186
185188
185251
185259
185281
185288
185306
185342
185361
185369
185371
185372
185376
185610
185627
185649
185681
185682
185762
185763
185765
185803
185811
185824
185830
185831
185833
185861
185862
185909
185916
185939
185940
185995
186004
186024
186026
186028
186053
186061
186082
186136
186274
186349
186360
186404
186405
186425
186431
186437
186458
186461
186465
186472
186478
186504
186508
186576
186579
186586
186653
186672
186717
186720
186744
186747
186833
186847
186848
186905
186938
186939
186965
186984
186990
186999
187000
187006
187008
187011
187058
187060
187066
187067
187068
187069
187074
187075
187111
187134
187172
187181
187186
187238
187240
187282
187283
187287
187299
187304
187341
187345
187351
187353
187358
187396
187403
187416
187456
187469
187475
187516
187540
187541
187542
187554
187668
187669
187675
187692
187693
187694
187699
187744
187748
187753
187789
187797
187822
187824
187876
187877
187878
187895
187906
187909
187911
187918
187986
188009
188016
188018
188058
188103
188104
188152
188153
188163
188165
188182
188234
188235
188236
188239
188255
188261
188270
188280
188281
188282
188283
188304
188306
188336
188338
188340
188355
188358
188365
188410
188422
188429
188471
188475
188510
188511
188540
188556
188569
188632
188650
188658
188659
188673
188675
188683
188702
188703
188715
188717
188729
188731
188758
188783
188805
188812
188827
188829
188836
188838
188839
188842
188857
188858
188860
188861
188874
188875
188878
188921
188927
188935
188963
188967
188968
188998
189030
189035
189038
189042
189050
189060
189070
189387
189392
189393
189469
189501
189513
189541
189589
189591
189593
189645
189646
189648
189650
189651
189725
189790
189794
189799
189816
189956
189958
189960
189961
189966
190046
190051
190104
190105
190106
190150
190153
190156
190209
190251
190291
190294
190337
190374
190376
190446
190473
190596
190603
190604
190754
190755
190761
190770
190774
190830
190834
190835
190839
190854
190856
190969
190970
190982
190995
191114
191115
191119
191198
191199
191207
191213
191230
191272
191292
191345
191353
191368
191426
191427
191431
191458
191463
191471
191473
191530
191532
191573
191580
191599
191669
191684
191687
191688
191725
191780
191791
191796
191797
191807
191854
191866
191868
191888
191895
191917
191921
191929
191969
191970
191974
191976
191978
192056
192062
192097
192098
192166
192167
192223
192243
192247
192250
192251
192271
192296
192297
192307
192354
192512
192513
192618
192619
192621
192680
192702
192726
192727
192789
192798
192852
192933
192934
192936
192937
192938
193018
193020
193045
193046
193048
193053
193087
193105
193107
193108
193152
193153
193183
193185
193187
193230
193238
193268
193307
193346
193349
193461
193470
193474
193475
193503
193616
193618
193676
193680
193694
193695
193698
193740
193750
193803
193863
193866
193931
193945
193970
194009
194033
194034
194045
194098
194130
194157
194224
194238
194255
194258
194273
194274
194290
194291
194323
194325
194328
194468
194477
194484
194520
194531
194549
194553
194673
194674
194683
194685
194693
194717
194726
194727
194736
194794
194803
194809
194815
194816
194818
194872
194902
194925
194927
194939
194941
194948
194949
194988
194989
195012
195016
195017
195019
195024
195025
195083
195101
195106
195141
195151
195152
195153
195188
195189
195191
195194
195226
195232
195253
195265
195266
195293
195294
195320
195346
195352
195353
195409
195411
195433
195475
195477
195478
195514
195515
195519
195534
195553
195558
195560
195561
195565
195602
195603
196110
196194
196291
196299
196325
196353
196358
196436
196440
196441
196442
196489
196514
196517
196542
196546
196678
196679
196695
196696
196744
196750
196757
196784
196793
196794
196795
196796
196917
196979
196981
197005
197195
197211
197244
197257
197266
197390
197486
197501
197552
197614
197620
197622
197696
197707
197796
197802
197979
197987
198099
198111
198138
198176
198177
198257
198334
198335
198353
198386
198388
198389
198429
198447
198520
198532
198589
198593
198599
198645
198693
198725
198842
198885
198890
198891
198922
198932
198964
198987
199039
199054
199084
199141
199143
199148
199201
199210
199230
199231
199264
199333
199342
199345
199357
199417
199464
199569
199594
199596
199650
199657
199658
199673
199711
199712
199744
199747
199755
199816
199900
199918
199934
199938
199997
200006
200037
200101
200102
200140
200170
200219
200268
200271
200285
200286
200329
200330
200342
200343
200361
200363
200412
200454
200470
200507
200558
200659
200740
200747
200765
200766
200778
200782
200801
200804
200810
200818
200820
200917
200921
200922
200923
201056
201057
201063
201075
201128
201215
201233
201234
201362
201380
201382
201383
201384
201385
201386
201556
201635
201747
201779
201785
201786
201788
201853
201976
201977
201978
201979
202016
202037
202038
202039
202051
202056
202058
202133
202136
202241
202249
202250
202251
202324
202325
202487
202503
202505
202586
202587
202600
202602
202603
202654
202666
202668
202726
202738
202739
202740
202757
202759
202829
202859
202890
202960
202989
202990
202991
203026
203079
203133
203135
203280
203308
203342
203343
203386
203408
203410
203413
203477
203488
203673
203811
203848
203892
203907
203912
203930
203969
204020
204047
204115
204118
204251
204275
204276
204282
204283
204304
204305
204427
204449
204457
204559
204560
204573
204574
204593
204602
204649
204655
204656
204673
204681
204731
204736
204739
204747
204748
204789
204797
204798
204799
204800
204814
205034
205050
205051
205053
205054
205055
205056
205082
205100
205124
205192
205238
205243
205260
205294
205297
205314
205361
205373
205374
205377
205390
205446
205449
205454
205456
205489
205491
205505
205521
205530
205537
205545
205572
205579
205580
205581
205607
205623
205624
205660
205698
205711
205828
205831
205875
205876
205877
205911
205914
205916
205938
205991
206039
206074
206076
206122
206126
206127
206128
206135
206158
206165
206196
206207
206222
206255
206256
206257
206258
206277
206278
206279
206280
206290
206294
206317
206345
206349
206351
206352
206353
206371
206393
206432
206433
206494
206525
206593
206632
206652
206664
206665
206687
206698
206705
206742
206777
206918
206921
206927
207100
207101
207125
207127
207128
207129
207167
207169
207170
207304
207321
207323
207324
207326
207346
207381
207391
207393
207438
207449
207450
207451
207456
207469
207484
207485
207491
207513
207517
207527
207574
207577
207578
207615
207618
207619
207620
207630
207666
207691
207710
207727
207735
207739
207745
207760
207762
207778
207780
207873
207923
207929
207938
207939
207940
207941
207970
207979
207980
208029
208044
208047
208055
208056
208057
208188
208189
208192
208222
208223
208328
208334
208360
208396
208397
208529
208557
208563
208592
208628
208648
208677
208760
208797
208804
208806
208807
208808
208932
208989
209007
209008
209013
209026
209045
209049
209114
209115
209117
209136
209163
209168
209200
209206
209207
209278
209315
209319
209335
209338
209369
209373
209374
209375
209380
209450
209468
209469
209470
209472
209473
209477
209548
209549
209551
209574
209575
209576
209649
209677
209678
209680
209684
209721
209722
209744
209770
209772
209774
209775
209776
209808
209817
209821
209921
209938
209939
210024
210026
210082
210195
210215
210238
210300
210329
210344
210421
210435
210437
210469
210482
210505
210513
210515
210520
210563
210572
210574
210581
210587
210588
210589
210610
210618
210641
210646
210697
210701
210703
210710
210712
210743
210796
210797
211054
211170
211171
211250
211255
211256
211257
211259
211267
211320
211323
211343
211344
211348
211426
211550
211552
211553
211583
211623
211646
211667
211668
211726
211758
211759
211765
211829
211830
211831
211891
211897
211925
211927
211928
211938
211940
211942
211983
211992
211993
212000
212003
212004
212009
212109
212126
212137
212139
212144
212259
212270
212284
212347
212348
212388
212401
212406
212407
212408
212414
212482
212483
212495
212497
212540
212553
212556
212557
212611
212718
212721
212724
212749
212750
212779
212806
212812
212876
212877
212919
212938
212945
212994
213038
213131
213134
213152
213230
213231
213233
213235
213278
213279
213281
213298
213299
213300
213302
213370
213375
213460
213467
213513
213529
213545
213546
213615
213625
213628
213651
213652
213654
213735
213746
213802
213804
213806
213807
213815
213891
213897
213899
213904
213907
213908
213909
213970
213975
213977
214003
214005
214006
214010
214158
214195
214199
214240
214245
214266
214273
214347
214377
214439
214593
214601
214664
214666
214667
214671
214735
214769
214791
214793
214794
214910
214912
214916
214940
214946
214980
215074
215075
215076
215077
215159
215166
215210
215215
215218
215238
215239
215253
215284
215300
215361
215362
215363
215404
215411
215412
215483
215484
215522
215527
215545
215575
215579
215625
215628
215629
215633
215635
215641
215665
215666
215673
215674
215700
215702
215706
215714
215753
215814
215815
215853
215864
215870
215906
215920
215937
215939
215972
215979
215983
215984
216035
216040
216041
216049
216050
216096
216099
216136
216141
216148
216149
216156
216158
216165
216185
216186
216189
216198
216217
216218
216220
216227
216228
216229
216230
216273
216274
216276
216277
216282
216318
216319
216320
216324
216325
216344
216447
216448
216583
216584
216586
216587
216680
216698
216701
216719
216728
216729
216741
216766
216767
216768
216792
216861
216864
216865
216874
216879
216894
216897
216899
216900
217014
217015
217016
217017
217018
217020
217022
217023
217024
217035
217039
217054
217148
217161
217173
217190
217195
217204
217205
217208
217226
217236
217237
217254
217273
217274
217276
217285
217290
217291
217292
217293
217304
217305
217343
217348
217379
217386
217396
217472
217475
217476
217477
217531
217542
217543
217545
217551
217552
217575
217583
217584
217594
217599
217699
217701
217702
217753
217816
217817
218019
218020
218066
218067
218121
218145
218181
218200
218210
218211
218212
218457
218466
218467
218493
218518
218521
218523
218554
218558
218569
218581
218594
218614
218617
218629
218630
218632
218661
218662
218669
218670
218707
218713
218716
218750
218767
218769
218791
218795
218802
218832
218841
218863
218876
218902
218909
218919
218931
218960
218971
218974
218975
218980
219000
219004
219038
219047
219054
219078
219089
219106
219135
219142
219168
219169
219211
219227
219239
219243
219256
219261
219265
219277
219285
219290
219393
219394
219397
219489
219491
219508
219509
219561
219562
219567
219607
219617
219618
219631
219641
219642
219644
219652
219769
219770
219793
219794
219802
219812
219814
219815
219816
219936
219937
220039
220044
220047
220048
220078
220080
220081
220099
220102
220103
220135
220136
220160
220182
220183
220255
220318
220379
220381
220386
220404
220405
220753
220774
220783
220784
220785
220789
220816
220846
220848
220849
220856
220995
221000
221004
221009
221127
221159
221194
221216
221260
221300
221318
221323
221344
221355
221399
221400
221406
221471
221472
221489
221523
221527
221531
221533
221538
221571
221578
221581
221624
221625
221628
221690
221715
221720
221721
221726
221754
221769
221776
221819
221821
221824
221825
221852
221874
221904
221913
221918
221935
221939
221943
221955
221960
221996
221999
222000
222021
222022
222027
222084
222085
222128
222150
222166
222178
222276
222284
222302
222317
222382
222553
222583
222585
222586
222587
222593
222637
222641
222681
222787
222839
222856
222861
223102
223103
223112
223113
223119
223124
223130
223378
223379
223390
223391
223481
223511
223515
223543
223572
223687
223721
223747
223778
223805
223815
223853
223884
223885
223922
223930
224010
224012
224115
224117
224133
224151
224153
224154
224367
224368
224374
224445
224530
224579
224582
224718
224731
224734
224735
224781
224782
224825
224826
224845
224846
224856
225023
225024
225025
225042
227006
227007
227011
227389
227391
227395
227434
227437
227513
230158
230173
230999
234329
235134
235557
235622
235641
235642
235674
235768
235769
235770
235851
235867
235880
236030
236035
236299
236300
236323
236351
236573
236599
236627
236636
236650
236651
236699
236702
236810
236844
236942
237064
237066
237098
237136
237138
237228
237296
237298
237299
237639
237649
237650
237802
237829
237834
237966
237978
237979
237981
238068
238074
238075
238102
238104
238333
238352
238353
238354
238381
238384
238433
238483
238612
238613
238765
238766
238767
238841
238842
239006
239007
239008
239124
239369
239375
239407
239408
239409
239410
239443
239538
239621
239649
239651
239659
239693
239730
239737
239845
239846
239847
240077
240078
240105
240136
240176
240177
240235
240253
240270
240282
240283
240285
240343
240344
240373
240402
240429
240471
240502
240505
240506
240599
240622
240624
240674
240675
240762
240765
240792
240859
240896
240916
240924
240969
240975
241009
241059
241142
241177
241178
241180
241218
241224
241260
241281
241306
241347
241354
241446
241466
241508
241528
241585
241617
241618
241677
241845
241988
241994
242067
242129
242148
242170
242229
242275
242286
242287
242313
242362
242413
242453
242538
242617
242628
242630
242655
242690
242721
242753
242814
242866
242874
242936
242946
242966
242968
242995
243001
243030
243032
243073
243083
243084
243096
243164
243172
243173
243214
243215
243239
243251
243256
243271
243322
243324
243343
243354
243400
243459
243514
243515
243516
243565
243583
243670
243672
243673
243674
243723
243731
243739
243789
243974
243991
244055
244057
244059
244152
244163
244169
244206
244207
244286
244293
244422
244423
244512
244595
244597
244632
244635
244636
244737
244819
244848
244869
244918
244998
245014
245044
245079
245106
245153
245154
245245
245262
245263
245301
245302
245519
245629
245660
245661
245662
245664
245818
245844
245846
245906
245908
245919
245943
245963
245965
246000
246002
246003
246076
246081
246095
246096
246125
246136
246138
246183
246212
246219
246259
246261
246284
246288
246361
246364
246367
246505
246506
246507
246508
246519
246548
246583
246627
246687
246692
246693
246718
246720
246722
246765
246768
246769
246770
246802
246869
246870
246871
246889
246913
246917
246955
246994
246996
247018
247046
247081
247083
247093
247101
247131
247231
247278
247350
247472
247473
247474
247492
247497
247649
247651
247673
247687
247728
247748
247766
247770
247771
247772
247856
247858
247895
248051
248068
248069
248206
248231
248293
248294
248301
248330
248592
248594
248595
248709
248751
248797
248798
248870
248909
248934
248935
248975
248976
249009
249010
249011
249034
249105
249199
249222
249223
249251
249447
249465
249526
249566
249581
249582
249620
249725
249730
249737
249890
249905
249944
249946
250027
250028
250143
250175
250181
250182
250280
250293
250319
250324
250325
250327
250328
250383
250390
250482
250483
250648
250660
250692
250700
250701
250807
250808
250857
250862
250863
250864
250914
250916
250928
250955
250987
250988
251015
251269
251357
251358
251392
251400
251441
251442
251449
251472
251514
251547
251551
251847
251861
251913
251914
251980
252041
252209
252349
252384
252407
252433
252471
252472
252550
252559
252584
252629
252630
252672
252691
252695
252716
252806
252813
252814
252815
252856
252919
253026
253119
253135
253146
253163
253165
253229
253230
253231
253282
253353
253389
253405
253406
253430
253434
253468
253490
253508
253509
253510
253574
253586
253638
253694
253724
253726
253819
253822
253868
253895
253900
253902
253909
253910
253927
253932
253935
253985
253987
253988
253990
254062
254063
254064
254065
254137
254140
254191
254202
254236
254270
254321
254322
254362
254387
254425
254449
254470
254473
254488
254519
254522
254555
254556
254574
254596
254646
254661
254690
254711
254712
254804
254825
254826
254830
254869
254901
255032
255047
255049
255054
255071
255097
255098
255119
255134
255136
255175
255188
255189
255265
255266
255314
255315
255316
255424
255425
255427
255589
255590
255628
255629
255722
255754
255761
255763
255772
255879
255884
255885
255926
255927
255937
256161
256182
256183
256312
256324
256353
256367
256369
256371
256444
256509
256570
256572
256579
256580
256605
256655
256667
256682
256705
256720
256722
256723
256724
256725
256783
256807
256810
256840
256842
256885
256966
256975
256995
256997
257010
257134
257138
257199
257269
257270
257271
257274
257327
257364
257440
257621
257629
257653
257678
257710
257711
257744
257746
257799
257955
257962
257963
258028
258067
258077
258179
258205
258206
258325
258326
258337
258385
258403
258413
258414
258596
258677
258688
258713
258717
258718
258765
258766
258813
258853
258930
258959
258974
258980
259062
259087
259088
259118
259262
259270
259291
259292
259338
259347
259348
259408
259415
259416
259543
259608
259615
259678
259692
259701
259702
259783
259916
259923
259975
260060
260116
260117
260150
260241
260304
260374
260407
260483
260490
260491
260493
260494
260553
260554
260587
260640
260664
260677
260689
260692
260765
260809
260813
260836
260840
260885
260916
260969
260973
260992
261067
261068
261098
261155
261175
261188
261247
261252
261257
261258
261259
261292
261296
261300
261305
261309
261344
261410
261412
261433
261438
261439
261441
261492
261493
261495
261507
261570
261572
261640
261646
261703
261767
261863
261876
261894
261914
261944
261945
261946
262054
262097
262150
262190
262237
262256
262305
262310
262312
262323
262359
262360
262442
262469
262470
262550
262578
262584
262599
262600
262620
262716
262725
262791
262829
262831
262868
262896
262940
262945
262957
262996
263006
263023
263024
263068
263122
263128
263157
263182
263234
263245
263313
263323
263393
263434
263515
263656
263690
263759
263760
263789
263790
263791
263815
263873
263881
263918
264001
264035
264036
264111
264117
264134
264138
264141
264146
264166
264179
264188
264213
264269
264376
264540
264658
264769
264929
264930
264940
264976
265084
265115
265120
265126
265149
265200
265206
265215
265241
265264
265308
265310
265311
265331
265359
265368
265369
265386
265390
265448
265507
265630
265631
265639
265828
265912
265978
266016
266021
266055
266081
266099
266116
266123
266124
266161
266191
266213
266222
266223
266399
266400
266567
266783
266807
266815
266842
266886
266978
266988
267016
267057
267096
267135
267138
267139
267213
267268
267316
267324
267325
267326
267340
267443
267449
267450
267460
267560
267565
267571
267572
267573
267595
267617
267674
267677
267681
267729
267775
267776
267805
267825
267905
267906
267915
267925
267926
267978
268022
268033
268044
268061
268062
268122
268123
268173
268175
268277
268292
268293
268430
268431
268477
268579
268648
268659
268672
268764
268765
268781
268835
268920
268937
268944
268993
269074
269109
269120
269189
269227
269257
269258
269272
269278
269288
269323
269340
269342
269371
269414
269441
269442
269444
269470
269486
269508
269517
269531
269575
269643
269658
269660
269739
269757
269812
269823
269843
269856
269911
269920
269930
269943
269964
269991
270017
270049
270070
270138
270143
270170
270185
270197
270263
270284
270294
270311
270338
270555
270676
270796
270831
270834
270835
270898
270903
270916
270974
270980
271029
271089
271090
271097
271126
271215
271216
271221
271336
271360
271498
271575
271581
271583
271585
271637
271659
271714
271751
271768
271807
271847
271925
271926
271930
271946
271968
272000
272001
272002
272003
272022
272116
272175
272226
272227
272236
272237
272253
272343
272374
272382
272383
272391
272409
272410
272424
272461
272492
272493
272508
272527
272551
272593
272602
272621
272622
272656
272677
272685
272714
272748
272762
272763
272770
272798
272840
272853
273020
273021
273022
273071
273076
273155
273198
273216
273233
273302
273326
273339
273343
273351
273352
273427
273437
273438
273501
273517
273591
273592
273593
273594
273628
273713
273734
273735
273891
273893
273981
274091
274092
274130
274247
274269
274315
274340
274350
274357
274479
274497
274505
274580
274655
274689
274719
274809
274813
274815
274899
274900
275096
275115
275183
275246
275266
275267
275334
275379
275381
275382
275383
275463
275470
275547
275573
275577
275750
275751
275752
275791
275792
275804
275809
275865
275943
275951
275952
275957
275981
275982
276051
276052
276054
276088
276193
276195
276288
276289
276310
276373
276374
276382
276383
276421
276446
276447
276448
276449
276450
276451
276452
276457
276537
276538
276550
276551
276552
276563
276605
276641
276650
276660
276664
276711
276715
276717
276756
276808
276816
276854
276874
276898
276906
276919
276922
276991
277065
277079
277080
277090
277162
277206
277242
277247
277253
277259
277270
277271
277279
277280
277414
277415
277416
277425
277426
277451
277465
277516
277527
277528
277600
277675
277744
277785
277791
277800
277806
277807
277951
277963
277965
277976
277977
278043
278044
278068
278108
278169
278193
278249
278312
278318
278411
278413
278453
278467
278550
278612
278615
278687
278763
278783
278792
278814
278849
278865
278897
278968
278983
278988
278989
279051
279101
279143
279174
279185
279249
279287
279292
279293
279315
279340
279346
279361
279453
279529
279530
279571
279648
279649
279742
279840
279943
279977
279978
280002
280003
280016
280098
280129
280140
280160
280174
280231
280246
280255
280292
280298
280332
280347
280355
280409
280411
280464
280615
280617
280647
280649
280672
280690
280692
280769
280773
280785
280814
280819
280849
280946
280956
280958
280983
280993
280998
281058
281074
281077
281163
281172
281180
281204
281212
281240
281270
281285
281315
281336
281404
281437
281443
281444
281450
281477
281494
281508
281547
281548
281550
281617
281761
281836
281842
281851
281884
281885
281893
281949
281953
281957
281960
281961
281992
282012
282015
282020
282057
282063
282069
282114
282115
282123
282146
282259
282263
282264
282271
282291
282313
282367
282445
282469
282502
282527
282537
282667
282756
282757
282758
282796
282828
282830
282838
282839
282857
282892
282996
283025
283089
283110
283205
283215
283298
283305
283307
283308
283337
283415
283419
283436
283438
283566
283568
283616
283704
283753
283755
283815
283896
283962
283973
283974
283979
284041
284063
284087
284175
284176
284242
284247
284249
284250
284253
284279
284346
284347
284405
284408
284411
284458
284498
284554
284555
284750
284763
284774
284775
284819
284892
284900
284920
284947
284960
284961
284965
285011
285015
285081
285107
285132
285165
285172
285173
285250
285274
285284
285391
285411
285442
285443
285444
285445
285532
285533
285538
285545
285552
285586
285595
285639
285680
285690
285691
285727
285728
285729
285731
285740
285850
285915
285916
285931
285932
285959
285960
285967
285968
285970
286025
286066
286072
286149
286156
286157
286211
286237
286238
286254
286267
286303
286321
286322
286343
286362
286396
286399
286427
286443
286444
286509
286519
286577
286580
286609
286616
286617
286618
286657
286718
286727
286728
286765
286778
286789
286867
286875
286910
286920
286952
286966
286991
286994
287014
287016
287017
287032
287046
287134
287192
287228
287319
287372
287412
287455
287457
287641
287653
287665
287666
287752
287766
287800
287834
287957
287963
288013
288081
288090
288096
288111
288112
288119
288122
288131
288148
288150
288168
288181
288198
288218
288260
288294
288329
288411
288442
288443
288474
288498
288524
288611
288639
288641
288883
289022
289078
289108
289295
289309
289346
289354
289377
289440
289459
289515
289534
289574
289629
289684
289730
289776
289777
289831
289833
289872
289887
289900
289962
290092
290115
290116
290118
290138
290204
290205
290350
290351
290377
290469
290483
290486
290499
290505
290523
290558
290559
290580
290602
290603
290627
290628
290642
290768
290858
290860
290861
290904
290914
290978
291028
291114
291137
291231
291232
291233
291280
291281
291289
291290
291292
291403
291473
291616
291734
291806
291878
291970
291981
292066
292068
292085
292090
292091
292172
292232
292236
292262
292265
292288
292340
292341
292342
292346
292387
292431
292443
292449
292455
292547
292548
292641
292661
292670
292726
292741
292742
292743
292770
292816
292844
292847
292864
293132
293140
293274
293289
293353
293366
293375
293384
293385
293435
293443
293445
293453
293454
293459
293602
293671
293717
293719
293785
293801
293821
293953
293997
294066
294070
294126
294127
294160
294164
294179
294228
294236
294237
294239
294280
294286
294288
294359
294377
294409
294482
294484
294506
294518
294549
294670
294672
294674
294806
294812
295035
295046
295076
295077
295083
295155
295213
295218
295256
295287
295336
295405
295469
295487
295501
295512
295524
295607
295631
295657
295768
295847
295856
295859
295911
295912
295919
295955
295957
296004
296030
296076
296077
296091
296120
296147
296181
296205
296264
296265
296277
296309
296310
296311
296341
296345
296383
296393
296395
296397
296398
296399
296415
296419
296424
296448
296515
296531
296607
296618
296665
296782
296826
296827
296860
296954
296967
297043
297079
297099
297120
297375
297402
297414
297434
297527
297559
297598
297633
297638
297696
297772
297801
297823
297837
297838
297840
297841
297843
297884
297887
297901
297930
297993
297995
298020
298056
298145
298166
298232
298338
298359
298437
298503
298604
298682
298703
298718
298756
298804
298815
298845
298873
298876
298903
298913
299030
299055
299087
299103
299147
299162
299188
299189
299216
299254
299274
299339
299364
299367
299393
299418
299449
299474
299475
299490
299545
299655
299658
299812
299933
299934
299948
299985
299987
300009
300010
300043
300045
300054
300107
300137
300150
300164
300267
300331
300469
300471
300502
300543
300615
300648
300670
300700
300840
300855
300856
300865
300873
300906
300967
300987
300998
301000
301026
301028
301068
301069
301078
301090
301110
301120
301159
301163
301199
301232
301278
301310
301370
301373
301455
301457
301523
301527
301560
301561
301562
301563
301613
301642
301649
301711
301713
301744
301745
301753
301755
301767
301786
301800
301811
301838
301839
301840
301841
301876
301896
301904
301948
301949
301959
301961
302071
302077
302086
302256
302512
302538
302550
302582
302583
302596
302615
302621
302622
302629
302630
302699
302700
302703
302762
302792
302849
302851
302857
302865
302892
302893
302913
302916
302996
303036
303176
303192
303264
303265
303370
303374
303382
303383
303390
303393
303401
303441
303447
303587
303596
303619
303680
303811
303853
303886
303903
303904
303906
303926
303997
304011
304012
304013
304097
304098
304129
304156
304178
304201
304202
304204
304299
304306
304307
304308
304325
304334
304336
304437
304444
304445
304474
304481
304552
304571
304593
304601
304603
304683
304685
304715
304754
304755
304761
304762
304788
304789
304821
304823
304869
304882
304933
304991
305088
305131
305139
305173
305185
305223
305246
305354
305355
305410
305522
305567
305607
305611
305678
305741
305743
305767
305795
305812
305832
305863
305903
305929
306092
306115
306126
306158
306169
306178
306196
306207
306277
306326
306346
306359
306386
306421
306430
306470
306472
306473
306506
306507
306508
306509
306608
306620
306621
306625
306720
306770
306825
306908
306931
306942
306983
307027
307057
307123
307168
307172
307256
307272
307288
307289
307296
307304
307326
307341
307390
307431
307457
307521
307565
307602
307655
307704
307716
307764
307782
307838
307861
307880
307913
308008
308034
308043
308064
308085
308092
308128
308130
308292
308320
308378
308444
308491
308492
308572
308573
308674
308683
308812
308852
308853
308854
308923
308925
308961
309008
309012
309014
309055
309090
309114
309239
309309
309310
309326
309434
309446
309454
309484
309501
309606
309622
309645
309721
309722
309784
309786
309812
309814
309816
309904
309905
309907
309960
309995
309996
310030
310036
310061
310065
310166
310175
310184
310187
310213
310317
310333
310334
310377
310396
310404
310415
310416
310433
310461
310479
310525
310573
310575
310591
310595
310597
310628
310629
310638
310653
310657
310680
310726
310728
310742
310753
310757
310793
310801
310836
310883
310884
310886
310903
310908
310909
310910
310917
310931
310948
310962
310982
311003
311024
311031
311053
311068
311083
311108
311109
311110
311130
311138
311159
311165
311170
311186
311199
311244
311251
311252
311295
311298
311299
311303
311360
311378
311402
311421
311444
311467
311474
311478
311487
311504
311537
311542
311561
311572
311573
311594
311601
311621
311636
311656
311664
311670
311828
311829
311876
311878
311899
311936
312026
312030
312082
312125
312197
312232
312248
312280
312282
312400
312415
312416
312449
312488
312489
312526
312527
312559
312571
312581
312612
312614
312660
312698
312712
312735
312736
312750
312752
312763
312789
312793
312801
312816
312817
312818
312841
312857
312861
312913
312955
312964
313044
313164
313206
313220
313223
313225
313269
313327
313331
313394
313395
313446
313452
313490
313516
313517
313518
313552
313556
313574
313588
313600
313655
313664
313700
313746
313755
313760
313766
313769
313830
313831
313854
313860
313866
313925
313933
314051
314080
314085
314087
314103
314117
314123
314166
314173
314186
314188
314203
314205
314217
314235
314246
314257
314259
314269
314286
314321
314344
314493
314499
314625
314649
314665
314671
314727
314743
314779
314824
314983
315053
315088
315090
315142
315143
315336
315349
315369
315371
315482
315513
315531
315544
315589
315593
315632
315642
315648
315666
315696
315697
315755
315758
315768
315848
315865
315866
315908
315926
315948
315962
316091
316112
316158
316183
316185
316197
316218
316262
316269
316273
316277
316414
316417
316470
316522
316523
316590
316800
316801
316815
316817
316818
316844
316882
316891
316898
316948
316959
317066
317078
317106
317110
317113
317172
317206
317241
317256
317306
317323
317444
317510
317511
317653
317679
317685
317689
317700
317775
317806
317811
317813
317815
317898
317900
317901
317947
317980
317982
317994
318015
318044
318168
318172
318199
318204
318222
318223
318230
318231
318248
318261
318263
318288
318290
318293
318316
318333
318351
318362
318370
318372
318375
318381
318383
318400
318401
318410
318411
318468
318481
318505
318564
318599
318631
318643
318645
318712
318725
318754
318773
318775
318795
318855
318961
318964
318967
319052
319053
319055
319086
319107
319110
319111
319131
319147
319148
319159
319165
319166
319199
319240
319261
319272
319275
319277
319284
319287
319288
319310
319324
319366
319368
319444
319476
319525
319538
319539
319540
319561
319573
319593
319615
319662
319697
319722
319724
319761
319762
319772
319778
319850
319851
319885
320002
320035
320039
320083
320093
320168
320214
320251
320260
320274
320327
320329
320369
320397
320398
320411
320412
320413
320416
320432
320507
320508
320610
320661
320662
320745
320746
320774
320791
320792
320820
320829
320865
320903
320921
320922
320924
320928
321041
321073
321074
321097
321098
321131
321132
321133
321187
321196
321216
321263
321290
321305
321306
321333
321334
321335
321357
321428
321455
321495
321527
321529
321550
321556
321563
321565
321608
321609
321610
321647
321671
321710
321715
321718
321744
321752
321754
321820
321824
321858
321870
321871
321903
321904
322041
322048
322122
322236
322237
322260
322306
322308
322376
322381
322430
322432
322451
322463
322465
322484
322485
322516
322530
322547
322594
322600
322611
322616
322622
322625
322634
322635
322689
322690
322696
322697
322792
322795
322829
322840
322841
322850
322862
322876
322877
322905
322906
322922
322925
322966
322972
322974
322975
322976
322985
323020
323025
323026
323032
323065
323076
323102
323117
323120
323181
323196
323250
323279
323370
323386
323409
323411
323433
323447
323559
323560
323566
323571
323601
323607
323620
323652
323660
323677
323678
323684
323717
323747
323751
323764
323777
323783
323787
323800
323802
323810
323817
323828
323844
323851
323853
323862
323870
323873
323918
323955
323956
323980
324000
324012
324013
324083
324085
324147
324148
324150
324176
324185
324201
324207
324219
324315
324324
324376
324387
324426
324461
324463
324503
324686
324724
324755
324776
324791
324794
324805
324820
324840
324841
324853
324855
324864
324867
324917
324920
324955
324965
324985
324988
325001
325004
325027
325057
325073
325074
325100
325172
325202
325282
325285
325286
325288
325410
325529
325612
325636
325675
325690
325718
325724
325733
325914
325915
325944
326061
326072
326084
326111
326189
326277
326279
326953
328142